SAMPLE_NAME	PERT_TYPE	PERT_MFC_DESC	CCSCORE	DYN_RANGE	DYN_RANGE_MAX	SPAN	MED_INT	MED_GAPDH	INV_LEVEL_01	INV_LEVEL_02	INV_LEVEL_03	INV_LEVEL_04	INV_LEVEL_05	INV_LEVEL_06	INV_LEVEL_07	INV_LEVEL_08	INV_LEVEL_09	INV_LEVEL_10
1(1,A1)	lma_x	BO	0.96295	3.25	3.25	9	10.00	NA	4.00	4.00	5.00	5.00	5.00	5.00	7.00	8.00	8.00	13.00
2(1,B1)	lma_x	PMCF7	0.95078	4	4	9	9.50	NA	3.00	4.00	5.00	4.00	5.00	5.00	6.00	6.00	7.00	12.00
3(1,C1)	TRT	TRT	0.966092	3.66667	3.66667	8	9.00	NA	3.00	4.00	5.00	5.00	5.00	5.00	6.00	7.00	7.00	11.00
4(1,D1)	TRT	TRT	0.956636	3	3	8	9.50	NA	4.00	5.00	5.00	5.00	5.00	6.00	7.00	7.00	7.00	12.00
5(1,E1)	TRT	TRT	0.98165	2.75	2.75	7	9.50	NA	4.00	4.00	4.50	5.00	5.00	5.00	6.00	7.00	7.00	11.00
6(1,F1)	TRT	TRT	0.95078	3.25	3.25	9	10.00	NA	4.00	5.00	5.00	6.00	5.00	6.00	7.00	7.00	8.00	13.00
7(1,G1)	TRT	TRT	0.972345	3	3	8	9.25	NA	4.00	4.00	5.00	5.00	5.00	7.00	7.00	7.00	8.00	12.00
8(1,H1)	TRT	TRT	0.932259	3	3	8	10.00	NA	4.00	4.00	6.00	6.00	4.50	6.00	7.00	7.00	9.00	12.00
9(1,I1)	TRT	TRT	0.87885	2.75	2.75	7	9.00	NA	4.00	5.00	5.00	5.00	4.00	6.00	6.00	6.00	7.00	11.00
10(1,J1)	TRT	TRT	0.963128	2.75	2.75	7	9.00	NA	4.00	4.00	5.00	5.00	5.00	6.00	7.00	6.00	8.00	11.00
11(1,K1)	TRT	TRT	0.811899	2.75	2.75	7	9.00	NA	4.00	5.00	6.00	5.00	4.00	6.00	6.00	6.00	7.00	11.00
12(1,L1)	TRT	TRT	0.83965	2.75	2.75	7	9.00	NA	4.00	4.00	6.00	6.00	4.00	5.00	7.00	8.00	7.00	11.00
13(1,M1)	TRT	TRT	0.941936	4	4	9	9.00	NA	3.00	4.00	5.00	5.00	4.00	6.00	7.00	7.00	8.00	12.00
14(1,N1)	TRT	TRT	0.876694	3.25	3.25	9	10.00	NA	4.00	5.00	6.00	6.00	4.00	6.00	7.00	7.00	8.00	13.00
15(1,O1)	TRT	TRT	0.935819	2.75	2.75	7	10.00	NA	4.00	4.00	5.00	4.50	5.00	6.00	7.00	7.00	6.50	11.00
16(1,P1)	TRT	TRT	0.938721	3	3	8	9.00	NA	4.00	4.00	6.00	5.00	5.00	6.00	7.00	7.00	8.00	12.00
17(1,A2)	lma_x	RMCF7	0.96295	2.75	2.75	7	9.00	NA	4.00	4.00	5.00	5.00	6.00	6.00	6.00	6.00	7.00	11.00
18(1,B2)	lma_x	RMCF7	0.853172	3.66667	3.66667	8	9.00	NA	3.00	4.00	5.00	6.00	5.00	5.00	5.00	6.00	7.00	11.00
19(1,C2)	TRT	TRT	0.966092	2.75	2.75	7	9.00	NA	4.00	4.00	5.00	5.00	5.00	5.00	6.00	7.00	8.00	11.00
20(1,D2)	TRT	TRT	0.975628	2.75	2.75	7	9.00	NA	4.00	4.00	5.00	5.50	5.00	6.00	7.00	7.50	8.00	11.00
21(1,E2)	TRT	TRT	0.98165	3	3	8	9.00	NA	4.00	4.00	5.00	5.00	5.00	6.00	7.00	7.00	8.00	12.00
22(1,F2)	TRT	TRT	0.98165	3	3	8	9.00	NA	4.00	4.00	5.00	5.00	5.00	6.00	6.00	7.00	8.00	12.00
23(1,G2)	TRT	TRT	0.96295	2.75	2.75	7	9.00	NA	4.00	4.00	5.00	5.00	5.00	5.00	6.00	7.00	7.00	11.00
24(1,H2)	TRT	TRT	0.978558	2.75	2.75	7	9.00	NA	4.00	4.00	5.00	5.00	5.00	6.00	6.00	7.00	7.00	11.00
25(1,I2)	TRT	TRT	0.98165	3	3	8	9.50	NA	4.00	4.00	5.00	5.00	5.00	6.00	6.00	7.00	8.00	12.00
26(1,J2)	TRT	TRT	0.932259	3	3	8	9.25	NA	4.00	4.00	5.00	6.00	5.00	5.00	7.00	7.00	8.00	12.00
27(1,K2)	TRT	TRT	0.98165	3	3	8	9.00	NA	4.00	4.00	5.00	5.00	6.00	6.00	6.00	7.00	8.00	12.00
28(1,L2)	TRT	TRT	0.87395	4	4	9	9.00	NA	3.00	4.00	7.00	5.00	5.00	6.00	7.00	7.00	9.00	12.00
29(1,M2)	TRT	TRT	0.947413	2.5	2.5	6	9.00	NA	4.00	4.00	5.00	5.00	5.00	6.00	6.00	6.50	6.00	10.00
30(1,N2)	TRT	TRT	0.910015	2.75	2.75	7	9.50	NA	4.00	4.00	5.00	5.00	4.00	7.00	7.00	7.00	8.00	11.00
31(1,O2)	TRT	TRT	0.897549	3	3	8	9.00	NA	4.00	4.00	5.00	5.00	4.00	5.00	6.00	6.00	7.00	12.00
32(1,P2)	TRT	TRT	0.966268	3.33333	3.33333	7	9.00	NA	3.00	4.00	5.00	5.00	5.00	6.00	7.00	6.00	8.00	10.00
33(1,A3)	TRT	TRT	0.978558	2.5	2.5	6	9.50	NA	4.00	4.00	5.00	5.00	5.00	6.00	6.00	7.00	7.00	10.00
34(1,B3)	TRT	TRT	0.889041	2.75	2.75	7	9.00	NA	4.00	5.00	5.00	5.00	4.00	6.00	7.00	7.00	8.00	11.00
35(1,C3)	TRT	TRT	0.96295	2.75	2.75	7	9.00	NA	4.00	4.00	5.00	5.00	5.00	5.00	6.00	7.00	7.00	11.00
36(1,D3)	TRT	TRT	0.900899	3.25	3.25	9	9.00	NA	4.00	4.00	5.00	6.00	4.00	6.00	6.00	7.00	8.00	13.00
37(1,E3)	TRT	TRT	0.978558	3	3	8	9.00	NA	4.00	4.00	5.00	5.00	5.00	6.00	6.00	7.00	7.00	12.00
38(1,F3)	TRT	TRT	0.972518	3.25	3.25	9	9.00	NA	4.00	4.00	4.50	5.00	5.00	6.00	7.00	6.00	8.00	13.00
39(1,G3)	TRT	TRT	0.98165	2.75	2.75	7	9.00	NA	4.00	4.00	5.00	5.00	5.00	6.00	6.00	6.50	7.00	11.00
40(1,H3)	TRT	TRT	0.956636	2.5	2.5	6	10.00	NA	4.00	5.00	5.00	5.00	6.00	7.00	7.00	7.00	7.00	10.00
41(1,I3)	TRT	TRT	0.96295	3.33333	3.33333	7	9.00	NA	3.00	3.00	5.00	5.00	5.00	5.00	6.00	6.00	8.00	10.00
42(1,J3)	TRT	TRT	0.924959	2.2	2.2	6	9.00	NA	5.00	4.00	5.00	5.00	5.00	6.00	7.00	7.00	7.00	11.00
43(1,K3)	TRT	TRT	0.96295	3	3	8	9.00	NA	4.00	4.00	5.00	5.00	5.00	5.00	7.00	7.00	8.00	12.00
44(1,L3)	TRT	TRT	0.884539	3	3	8	9.00	NA	4.00	4.00	5.00	4.00	4.00	6.00	7.00	6.00	9.00	12.00
45(1,M3)	TRT	TRT	0.895773	2.75	2.75	7	9.00	NA	4.00	4.00	6.00	5.00	5.00	5.50	6.00	7.00	7.00	11.00
46(1,N3)	TRT	TRT	0.880612	2.25	2.25	5	9.00	NA	4.00	4.00	5.00	4.00	5.00	5.00	6.00	5.00	7.00	9.00
47(1,O3)	TRT	TRT	0.934947	2.75	2.75	7	9.00	NA	4.00	4.00	5.00	4.00	5.00	5.00	6.00	6.00	7.00	11.00
48(1,P3)	TRT	TRT	0.987804	5	5	8	9.00	NA	2.00	4.00	5.00	5.00	5.00	5.50	6.00	7.00	8.00	10.00
49(1,A4)	TRT	TRT	0.972345	3	3	8	9.00	NA	4.00	4.00	5.00	5.00	5.00	6.00	6.00	6.00	8.00	12.00
50(1,B4)	TRT	TRT	0.920315	3	3	8	9.00	NA	4.00	3.00	5.00	5.00	4.00	6.00	6.00	7.00	7.00	12.00
51(1,C4)	TRT	TRT	0.853172	3.66667	3.66667	8	9.00	NA	3.00	4.00	6.00	5.00	6.00	5.00	6.00	6.00	7.00	11.00
52(1,D4)	TRT	TRT	0.934199	3	3	8	9.00	NA	4.00	5.00	5.00	5.00	5.00	5.00	6.00	6.00	8.00	12.00
53(1,E4)	TRT	TRT	0.948052	4	4	9	10.00	NA	3.00	4.00	5.00	4.00	4.50	6.00	6.00	7.00	7.00	12.00
54(1,F4)	TRT	TRT	0.858172	2.75	2.75	7	9.00	NA	4.00	4.00	6.00	6.00	5.00	5.00	6.00	7.00	8.00	11.00
55(1,G4)	TRT	TRT	0.96295	2.75	2.75	7	9.00	NA	4.00	4.00	5.00	5.00	5.00	5.00	6.00	6.00	7.00	11.00
56(1,H4)	TRT	TRT	0.901389	2.75	2.75	7	9.25	NA	4.00	4.50	5.00	4.00	5.00	5.00	7.00	6.00	7.00	11.00
57(1,I4)	TRT	TRT	0.91747	2.75	2.75	7	9.00	NA	4.00	4.00	6.00	5.00	5.00	5.50	7.00	7.00	8.00	11.00
58(1,J4)	TRT	TRT	0.963128	3	3	8	9.00	NA	4.00	4.00	5.00	5.00	5.00	6.00	7.00	6.00	8.00	12.00
59(1,K4)	TRT	TRT	0.972345	2.75	2.75	7	9.00	NA	4.00	4.00	5.00	5.00	5.00	6.00	6.00	6.00	8.00	11.00
60(1,L4)	TRT	TRT	0.924959	2.4	2.4	7	9.00	NA	5.00	4.00	5.00	5.00	5.00	6.00	7.00	7.00	7.00	12.00
61(1,M4)	TRT	TRT	0.975456	4	4	9	9.00	NA	3.00	4.00	5.00	5.00	5.00	6.00	7.00	7.00	7.00	12.00
62(1,N4)	TRT	TRT	0.900899	3	3	8	9.00	NA	4.00	4.00	5.00	5.00	4.00	5.00	6.00	7.00	9.00	12.00
63(1,O4)	TRT	TRT	0.919911	3.33333	3.33333	7	9.00	NA	3.00	4.00	5.00	5.00	4.00	5.00	6.00	6.00	7.00	10.00
64(1,P4)	TRT	TRT	0.833476	3	3	8	9.00	NA	4.00	3.00	5.00	5.00	4.00	4.00	6.00	7.00	7.00	12.00
65(1,A5)	TRT	TRT	0.969223	3.66667	3.66667	8	9.00	NA	3.00	4.00	5.00	5.00	5.00	5.00	6.00	6.50	7.00	11.00
67(1,C5)	TRT	TRT	0.953784	2.625	2.625	6.5	9.00	NA	4.00	4.00	5.00	5.00	5.00	6.00	7.00	6.00	7.00	10.50
68(1,D5)	TRT	TRT	0.935495	4	4	9	10.00	NA	3.00	5.00	5.00	4.50	5.00	6.00	6.00	7.00	9.00	12.00
69(1,E5)	TRT	TRT	0.900899	2.75	2.75	7	9.00	NA	4.00	4.00	5.00	5.00	4.00	5.00	6.00	7.00	8.00	11.00
70(1,F5)	TRT	TRT	0.901389	2.75	2.75	7	9.00	NA	4.00	3.00	5.00	5.00	4.00	5.00	6.00	7.00	7.00	11.00
71(1,G5)	TRT	TRT	0.98165	2.75	2.75	7	9.00	NA	4.00	4.00	5.00	5.00	5.00	6.00	6.00	7.00	8.00	11.00
72(1,H5)	TRT	TRT	0.848496	2.75	2.75	7	9.00	NA	4.00	4.00	6.00	4.00	5.00	5.00	7.00	6.00	7.00	11.00
73(1,I5)	TRT	TRT	0.916624	2.75	2.75	7	9.00	NA	4.00	4.00	5.00	5.00	4.00	6.00	6.00	7.00	7.00	11.00
74(1,J5)	TRT	TRT	0.925187	3	3	8	9.00	NA	4.00	4.00	5.00	6.00	5.00	6.00	6.00	6.00	8.00	12.00
75(1,K5)	TRT	TRT	0.96295	2.75	2.75	7	9.00	NA	4.00	4.00	5.00	5.00	5.00	5.00	6.00	6.00	8.00	11.00
76(1,L5)	TRT	TRT	0.882867	3	3	8	9.00	NA	4.00	4.00	5.00	6.00	4.00	5.00	7.00	7.00	8.00	12.00
77(1,M5)	TRT	TRT	0.96295	2.75	2.75	7	9.00	NA	4.00	4.00	4.00	4.00	5.00	6.00	6.00	7.00	7.00	11.00
78(1,N5)	TRT	TRT	0.877186	3.25	3.25	9	9.50	NA	4.00	4.00	4.00	6.00	4.00	6.00	7.00	6.00	7.00	13.00
79(1,O5)	TRT	TRT	0.96295	3.66667	3.66667	8	9.00	NA	3.00	3.00	5.00	5.00	5.00	5.00	6.00	6.00	7.00	11.00
80(1,P5)	TRT	TRT	0.96295	2.75	2.75	7	9.00	NA	4.00	4.00	5.00	5.00	5.00	5.00	6.00	6.00	8.00	11.00
81(1,A6)	TRT	TRT	0.923186	2.5	2.5	6	9.00	NA	4.00	3.00	5.00	5.00	4.50	5.00	6.00	7.00	7.00	10.00
82(1,B6)	TRT	TRT	0.827302	2.75	2.75	7	9.00	NA	4.00	4.00	6.00	5.00	4.00	5.00	7.00	6.00	8.00	11.00
83(1,C6)	TRT	TRT	0.975456	2.85714	2.85714	6.5	9.00	NA	3.50	4.00	5.00	5.00	5.00	6.00	6.00	6.00	8.00	10.00
84(1,D6)	TRT	TRT	0.888473	3	3	8	9.00	NA	4.00	3.00	5.00	6.00	5.00	5.00	6.00	6.00	7.00	12.00
85(1,E6)	TRT	TRT	0.830868	2.75	2.75	7	9.00	NA	4.00	3.00	5.00	5.50	4.00	5.00	5.00	6.00	8.00	11.00
86(1,F6)	TRT	TRT	0.89026	3.125	3.125	8.5	9.00	NA	4.00	3.00	6.00	4.50	5.00	5.00	6.00	7.00	8.00	12.50
87(1,G6)	TRT	TRT	0.96295	2.75	2.75	7	9.00	NA	4.00	4.00	5.00	5.00	5.00	5.00	6.00	6.00	8.00	11.00
88(1,H6)	TRT	TRT	0.96295	2.75	2.75	7	9.00	NA	4.00	4.00	5.00	5.00	5.00	5.00	7.00	8.00	8.00	11.00
89(1,I6)	TRT	TRT	0.876047	3.25	3.25	9	9.00	NA	4.00	4.00	6.00	5.00	4.00	6.00	6.00	7.00	8.00	13.00
90(1,J6)	TRT	TRT	0.934947	3	3	8	9.00	NA	4.00	4.00	5.00	4.00	5.00	5.00	6.00	7.00	7.00	12.00
91(1,K6)	TRT	TRT	0.96295	3.25	3.25	9	9.00	NA	4.00	4.00	5.00	5.00	5.00	5.00	6.00	7.00	7.00	13.00
92(1,L6)	TRT	TRT	0.929341	4	4	9	9.50	NA	3.00	4.00	5.00	6.00	5.00	6.00	7.00	6.00	8.50	12.00
93(1,M6)	TRT	TRT	0.87885	3	3	8	9.00	NA	4.00	4.00	5.00	5.00	4.00	5.00	7.00	6.00	7.00	12.00
94(1,N6)	TRT	TRT	0.885657	3	3	8	9.00	NA	4.00	5.00	5.00	5.00	4.00	6.00	6.00	8.00	8.00	12.00
95(1,O6)	TRT	TRT	0.972345	2.75	2.75	7	9.00	NA	4.00	4.00	5.00	5.00	5.00	6.00	6.00	6.00	7.00	11.00
96(1,P6)	TRT	TRT	0.828079	2	2	5	9.00	NA	5.00	3.00	5.00	5.00	4.00	5.00	6.00	6.00	8.00	10.00
97(1,A7)	TRT	TRT	0.96295	3	3	8	9.00	NA	4.00	4.00	5.00	5.00	5.00	5.00	6.00	6.00	7.00	12.00
98(1,B7)	TRT	TRT	0.897549	3.25	3.25	9	9.00	NA	4.00	4.00	6.00	5.00	5.00	5.00	7.00	7.00	7.00	13.00
99(1,C7)	TRT	TRT	0.96295	3	3	8	9.00	NA	4.00	4.00	5.00	5.00	5.00	5.00	6.00	6.00	7.00	12.00
100(1,D7)	TRT	TRT	0.935495	2.75	2.75	7	9.00	NA	4.00	5.00	5.00	4.50	5.00	6.00	6.00	7.00	8.00	11.00
101(1,E7)	TRT	TRT	0.978558	2.75	2.75	7	9.00	NA	4.00	4.00	5.00	5.00	5.00	6.00	6.00	7.00	7.00	11.00
102(1,F7)	TRT	TRT	0.811899	3	3	8	9.00	NA	4.00	4.00	5.00	5.00	4.00	4.00	7.00	7.00	8.00	12.00
103(1,G7)	TRT	TRT	0.96295	2.5	2.5	6	9.00	NA	4.00	4.00	5.00	5.00	5.00	5.00	6.00	7.00	7.00	10.00
104(1,H7)	TRT	TRT	0.96295	2.75	2.75	7	9.00	NA	4.00	4.00	5.00	5.00	5.00	5.00	6.00	7.00	7.00	11.00
105(1,I7)	TRT	TRT	0.98165	3	3	8	9.00	NA	4.00	4.00	5.00	5.00	5.00	6.00	6.00	7.00	8.00	12.00
106(1,J7)	TRT	TRT	0.907563	3	3	8	9.00	NA	4.00	4.00	5.00	5.00	4.00	6.00	6.00	8.00	7.00	12.00
107(1,K7)	TRT	TRT	0.96295	2.75	2.75	7	9.00	NA	4.00	4.00	5.00	5.00	5.00	5.00	6.00	6.00	7.00	11.00
108(1,L7)	TRT	TRT	0.953463	3	3	8	9.00	NA	4.00	4.00	5.00	5.00	5.00	5.00	7.00	7.00	7.00	12.00
109(1,M7)	TRT	TRT	0.96295	2.75	2.75	7	9.00	NA	4.00	4.00	5.00	5.00	5.00	5.00	7.00	7.00	8.00	11.00
110(1,N7)	TRT	TRT	0.898568	2.75	2.75	7	9.00	NA	4.00	4.00	6.00	5.00	4.00	6.00	6.50	7.00	8.00	11.00
111(1,O7)	TRT	TRT	0.96295	2.5	2.5	6	9.00	NA	4.00	4.00	5.00	5.00	5.00	5.00	6.00	6.00	7.00	10.00
112(1,P7)	TRT	TRT	0.847685	3	3	8	9.00	NA	4.00	4.00	5.00	6.00	4.00	5.00	6.00	6.00	8.00	12.00
113(1,A8)	TRT	TRT	0.897549	2.75	2.75	7	9.00	NA	4.00	4.00	5.00	5.00	4.00	5.00	6.00	7.00	7.00	11.00
114(1,B8)	TRT	TRT	0.889041	3.25	3.25	9	9.00	NA	4.00	3.00	6.00	5.00	4.00	6.00	7.00	7.00	7.00	13.00
115(1,C8)	TRT	TRT	0.96295	2.75	2.75	7	9.00	NA	4.00	4.00	5.00	5.00	5.00	5.00	6.00	7.00	7.00	11.00
116(1,D8)	TRT	TRT	0.966092	3.66667	3.66667	8	9.00	NA	3.00	4.00	5.00	5.00	5.00	5.00	6.00	7.00	7.00	11.00
117(1,E8)	TRT	TRT	0.924959	3	3	8	9.00	NA	4.00	4.00	4.00	5.00	4.00	6.00	6.00	6.00	7.00	12.00
118(1,F8)	TRT	TRT	0.960285	2.75	2.75	7	9.00	NA	4.00	3.00	5.00	4.50	5.00	6.00	6.00	7.00	7.00	11.00
119(1,G8)	TRT	TRT	0.932259	3.33333	3.33333	7	9.00	NA	3.00	3.00	5.00	5.00	4.00	5.00	6.00	7.00	7.00	10.00
120(1,H8)	TRT	TRT	0.867077	3	3	8	9.00	NA	4.00	4.00	5.00	6.00	4.00	5.00	6.00	7.00	7.00	12.00
121(1,I8)	TRT	TRT	0.953545	2.75	2.75	7	9.00	NA	4.00	3.00	5.00	5.00	5.00	5.00	6.00	6.00	8.00	11.00
122(1,J8)	TRT	TRT	0.953463	3.25	3.25	9	9.00	NA	4.00	4.00	5.00	5.00	5.00	6.00	6.00	6.00	6.00	13.00
123(1,K8)	TRT	TRT	0.934199	3	3	8	9.00	NA	4.00	4.00	4.00	4.00	4.00	5.00	6.00	7.00	7.00	12.00
124(1,L8)	TRT	TRT	0.956717	2.875	2.875	7.5	9.00	NA	4.00	3.00	5.00	5.00	5.00	5.00	6.00	7.00	8.00	11.50
125(1,M8)	TRT	TRT	0.966092	3.66667	3.66667	8	9.00	NA	3.00	4.00	5.00	5.00	5.00	5.00	6.00	6.00	7.00	11.00
126(1,N8)	TRT	TRT	0.944856	4	4	9	9.00	NA	3.00	3.00	5.00	4.00	6.00	5.00	6.00	7.00	7.00	12.00
127(1,O8)	TRT	TRT	0.867941	2.5	2.5	6	9.00	NA	4.00	4.00	5.00	5.00	4.00	5.00	5.00	6.00	7.00	10.00
128(1,P8)	TRT	TRT	0.937437	3	3	8	9.00	NA	4.00	4.00	4.00	4.00	4.00	5.00	6.00	7.00	8.00	12.00
129(1,A9)	TRT	TRT	0.919911	3.66667	3.66667	8	9.00	NA	3.00	4.00	5.00	5.00	4.00	5.00	6.00	6.00	7.00	11.00
130(1,B9)	TRT	TRT	0.897549	3	3	8	9.00	NA	4.00	4.00	5.00	5.00	4.00	5.00	6.00	6.00	7.00	12.00
131(1,C9)	TRT	TRT	0.96295	2.75	2.75	7	9.00	NA	4.00	4.00	5.00	5.00	6.00	6.00	6.00	6.00	7.00	11.00
132(1,D9)	TRT	TRT	0.938433	2.75	2.75	7	9.00	NA	4.00	3.50	4.00	6.00	5.00	6.00	6.00	7.00	7.00	11.00
133(1,E9)	TRT	TRT	0.867941	2.75	2.75	7	9.00	NA	4.00	4.00	5.00	5.00	4.00	5.00	5.00	6.00	7.00	11.00
134(1,F9)	TRT	TRT	0.914179	3.66667	3.66667	8	9.00	NA	3.00	4.00	5.00	4.00	5.00	6.00	7.00	7.00	6.00	11.00
135(1,G9)	TRT	TRT	0.947591	3	3	8	9.00	NA	4.00	4.00	5.00	6.00	5.00	6.00	6.00	7.00	7.00	12.00
136(1,H9)	TRT	TRT	0.916624	2	2	5	9.00	NA	5.00	4.00	4.00	5.00	5.00	6.00	6.00	7.00	7.00	10.00
137(1,I9)	TRT	TRT	0.885378	2.75	2.75	7	9.00	NA	4.00	4.00	5.00	5.00	5.00	5.00	6.00	5.00	6.00	11.00
138(1,J9)	TRT	TRT	0.966092	4.5	4.5	10.5	9.00	NA	3.00	4.00	4.00	5.50	6.00	6.00	6.00	6.00	7.00	13.50
139(1,K9)	TRT	TRT	0.96295	2.75	2.75	7	9.00	NA	4.00	4.00	5.00	5.00	5.00	5.00	6.00	7.00	7.00	11.00
140(1,L9)	TRT	TRT	0.910015	3.66667	3.66667	8	9.00	NA	3.00	4.00	5.00	5.00	4.00	5.00	7.00	7.00	7.00	11.00
141(1,M9)	TRT	TRT	0.897549	2.75	2.75	7	9.00	NA	4.00	4.00	5.00	5.00	4.00	5.00	6.00	6.00	7.00	11.00
142(1,N9)	TRT	TRT	0.956636	3.33333	3.33333	7	9.00	NA	3.00	4.00	5.00	5.00	5.00	5.00	6.00	6.00	6.00	10.00
143(1,O9)	TRT	TRT	0.887425	2.75	2.75	7	9.00	NA	4.00	4.00	5.00	5.00	4.00	5.00	6.00	6.00	6.00	11.00
144(1,P9)	TRT	TRT	0.953545	2.5	2.5	6	9.00	NA	4.00	4.00	5.00	5.00	5.00	5.00	6.50	6.00	8.00	10.00
145(1,A10)	TRT	TRT	0.96303	2.75	2.75	7	9.00	NA	4.00	3.00	5.00	5.00	5.00	6.00	6.00	6.00	7.00	11.00
146(1,B10)	TRT	TRT	0.886259	2.5	2.5	6	9.00	NA	4.00	4.00	5.00	3.00	5.00	5.00	7.00	5.50	8.00	10.00
147(1,C10)	TRT	TRT	0.934947	2.75	2.75	7	9.00	NA	4.00	4.00	5.00	4.00	5.00	5.00	6.00	6.00	7.00	11.00
148(1,D10)	TRT	TRT	0.931294	3.66667	3.66667	8	9.00	NA	3.00	4.00	4.00	5.00	4.00	6.00	6.00	6.00	6.00	11.00
149(1,E10)	TRT	TRT	0.96295	2.75	2.75	7	9.00	NA	4.00	4.00	5.00	5.00	5.00	5.00	6.00	7.00	7.00	11.00
150(1,F10)	TRT	TRT	0.925752	4	4	9	9.00	NA	3.00	4.00	5.00	6.00	5.00	5.00	7.00	7.00	7.00	12.00
151(1,G10)	TRT	TRT	0.98165	2.75	2.75	7	9.00	NA	4.00	4.00	5.00	5.00	5.00	5.50	6.00	6.00	7.00	11.00
152(1,H10)	TRT	TRT	0.963128	3	3	8	9.00	NA	4.00	4.00	5.00	6.00	5.00	7.00	7.00	7.00	9.00	12.00
153(1,I10)	TRT	TRT	0.887425	2.75	2.75	7	9.00	NA	4.00	4.00	5.00	5.00	4.00	5.00	7.00	7.00	7.00	11.00
154(1,J10)	TRT	TRT	0.972345	2.75	2.75	7	9.00	NA	4.00	4.00	5.00	5.00	5.00	6.00	6.00	6.00	8.00	11.00
155(1,K10)	TRT	TRT	0.953545	2.75	2.75	7	9.00	NA	4.00	3.50	5.00	5.00	5.00	5.00	6.00	6.00	7.00	11.00
156(1,L10)	TRT	TRT	0.811899	3	3	8	9.00	NA	4.00	5.00	5.00	5.00	5.00	4.00	6.00	6.00	8.00	12.00
157(1,M10)	TRT	TRT	0.98165	2.75	2.75	7	9.00	NA	4.00	4.00	4.50	5.00	5.00	5.00	6.00	6.00	7.00	11.00
158(1,N10)	TRT	TRT	0.96295	3	3	8	9.00	NA	4.00	4.00	5.00	5.00	5.00	5.00	6.00	7.00	7.00	12.00
159(1,O10)	TRT	TRT	0.916624	2.75	2.75	7	9.00	NA	4.00	4.00	5.00	5.00	4.00	6.00	6.00	7.00	7.00	11.00
160(1,P10)	TRT	TRT	0.944606	4	4	9	9.00	NA	3.00	3.00	5.00	5.00	4.00	6.00	6.00	6.00	7.00	12.00
161(1,A11)	TRT	TRT	0.932259	2.5	2.5	6	9.00	NA	4.00	3.00	5.00	4.00	5.00	5.00	6.00	7.00	7.00	10.00
162(1,B11)	TRT	TRT	0.934947	3	3	8	9.00	NA	4.00	4.00	5.00	4.00	5.00	5.00	6.00	6.00	7.00	12.00
163(1,C11)	TRT	TRT	0.928452	4	4	9	9.00	NA	3.00	4.00	5.00	6.00	5.00	6.00	6.00	6.00	7.00	12.00
164(1,D11)	TRT	TRT	0.876694	2.75	2.75	7	9.00	NA	4.00	3.00	6.00	5.00	4.00	6.00	6.00	7.00	7.00	11.00
165(1,E11)	TRT	TRT	0.98165	3.66667	3.66667	8	9.00	NA	3.00	4.00	4.00	4.00	5.00	5.00	5.50	7.00	7.00	11.00
166(1,F11)	TRT	TRT	0.966092	2.75	2.75	7	9.00	NA	4.00	4.00	5.00	5.00	5.00	5.00	6.00	7.00	8.00	11.00
167(1,G11)	TRT	TRT	0.96295	3	3	8	9.00	NA	4.00	4.00	5.00	5.00	5.00	5.00	6.00	7.00	7.00	12.00
168(1,H11)	TRT	TRT	0.954169	3	3	8	9.00	NA	4.00	4.00	5.50	5.00	5.00	6.00	7.00	8.00	8.00	12.00
169(1,I11)	TRT	TRT	0.953545	3	3	8	9.00	NA	4.00	3.00	5.00	5.00	5.00	5.00	6.00	6.00	7.00	12.00
170(1,J11)	TRT	TRT	0.96295	3	3	8	9.00	NA	4.00	4.00	5.00	5.00	5.00	5.00	6.00	7.00	7.00	12.00
171(1,K11)	TRT	TRT	0.897549	2.75	2.75	7	9.00	NA	4.00	4.00	5.00	5.00	4.00	5.00	6.00	6.00	7.00	11.00
172(1,L11)	TRT	TRT	0.98165	3.75	3.75	11	9.00	NA	4.00	4.00	5.00	5.00	5.00	6.00	7.00	7.00	8.00	15.00
173(1,M11)	TRT	TRT	0.934947	3	3	8	9.00	NA	4.00	4.00	4.00	5.00	5.00	5.00	7.00	6.00	6.00	12.00
174(1,N11)	TRT	TRT	0.950992	3	3	8	9.00	NA	4.00	4.00	5.00	5.00	4.50	6.00	6.00	8.00	8.00	12.00
175(1,O11)	TRT	TRT	0.901389	2.5	2.5	6	9.00	NA	4.00	3.00	5.00	5.00	4.00	5.00	6.00	6.00	7.00	10.00
176(1,P11)	TRT	TRT	0.925187	3	3	8	9.00	NA	4.00	4.00	4.00	5.00	4.00	5.00	6.00	6.00	7.00	12.00
177(1,A12)	TRT	TRT	0.919911	3.66667	3.66667	8	9.00	NA	3.00	4.00	5.00	4.00	4.00	5.00	6.00	6.00	7.00	11.00
178(1,B12)	TRT	TRT	0.87885	2.875	2.875	7.5	9.00	NA	4.00	4.00	5.00	5.00	4.00	5.00	7.00	6.00	7.00	11.50
179(1,C12)	TRT	TRT	0.915905	2.75	2.75	7	9.00	NA	4.00	3.00	5.00	5.00	5.00	6.00	5.00	6.00	7.00	11.00
180(1,D12)	TRT	TRT	0.944069	2.75	2.75	7	9.00	NA	4.00	4.00	5.00	5.00	5.00	5.00	7.00	6.00	7.00	11.00
181(1,E12)	TRT	TRT	0.882867	2.75	2.75	7	9.00	NA	4.00	3.00	5.00	5.00	4.00	5.00	7.00	6.00	7.00	11.00
182(1,F12)	TRT	TRT	0.661724	1.9	1.9	4.5	8.50	NA	5.00	4.00	4.00	4.00	4.00	5.00	4.00	6.00	8.00	9.50
183(1,G12)	TRT	TRT	0.96295	3.25	3.25	9	9.00	NA	4.00	4.00	5.00	5.00	5.00	5.00	6.00	7.00	7.00	13.00
184(1,H12)	TRT	TRT	0.975456	4.5	4.5	10.5	9.00	NA	3.00	4.00	5.00	5.00	5.00	6.00	6.00	6.00	7.00	13.50
185(1,I12)	TRT	TRT	0.984732	4	4	9	9.00	NA	3.00	4.00	5.00	5.00	5.00	6.00	6.00	7.00	8.00	12.00
186(1,J12)	TRT	TRT	0.944606	3.375	3.375	9.5	9.00	NA	4.00	4.00	4.00	6.00	5.00	5.00	7.00	7.00	8.00	13.50
187(1,K12)	TRT	TRT	0.910015	2.75	2.75	7	9.00	NA	4.00	4.00	5.00	5.00	4.00	6.00	6.00	6.00	7.50	11.00
188(1,L12)	TRT	TRT	0.98165	2.75	2.75	7	10.00	NA	4.00	4.00	5.00	5.00	5.00	6.00	6.00	6.50	8.00	11.00
189(1,M12)	TRT	TRT	0.897549	2.75	2.75	7	9.00	NA	4.00	4.00	5.00	5.00	4.00	5.00	6.00	6.00	7.00	11.00
190(1,N12)	TRT	TRT	0.990867	3.66667	3.66667	8	9.00	NA	3.00	4.00	4.50	5.00	5.00	6.00	6.00	7.00	7.00	11.00
191(1,O12)	TRT	TRT	0.96295	2.75	2.75	7	9.00	NA	4.00	4.00	5.00	5.00	5.00	5.00	6.00	6.00	8.00	11.00
192(1,P12)	TRT	TRT	0.901389	3	3	8	9.00	NA	4.00	4.00	5.00	5.50	5.00	5.00	6.00	5.50	7.00	12.00
193(1,A13)	TRT	TRT	0.85527	2.75	2.75	7	9.00	NA	4.00	4.00	5.00	4.00	4.00	5.00	5.00	6.50	6.00	11.00
194(1,B13)	TRT	TRT	0.944606	3.33333	3.33333	7	9.00	NA	3.00	3.00	5.00	5.00	4.50	6.00	6.00	6.00	7.00	10.00
195(1,C13)	TRT	TRT	0.972345	2.75	2.75	7	9.00	NA	4.00	4.00	5.00	5.00	5.00	6.00	6.00	6.00	6.50	11.00
196(1,D13)	TRT	TRT	0.890812	3.66667	3.66667	8	9.00	NA	3.00	4.00	5.00	5.00	4.00	5.00	5.00	6.00	8.00	11.00
197(1,E13)	TRT	TRT	0.897549	3.125	3.125	8.5	9.00	NA	4.00	4.00	5.00	5.00	4.00	5.00	6.00	7.00	7.00	12.50
198(1,F13)	TRT	TRT	0.919911	4	4	9	9.00	NA	3.00	4.00	5.00	4.00	4.00	5.00	6.00	6.00	7.00	12.00
199(1,G13)	TRT	TRT	0.919911	3.66667	3.66667	8	9.00	NA	3.00	4.00	5.00	5.00	4.00	5.00	6.00	6.00	7.00	11.00
200(1,H13)	TRT	TRT	0.913737	2.75	2.75	7	9.00	NA	4.00	4.00	4.50	5.00	4.00	5.00	6.00	6.00	7.00	11.00
201(1,I13)	TRT	TRT	0.94118	3	3	8	9.00	NA	4.00	4.00	5.00	4.00	5.00	6.00	6.00	6.00	7.00	12.00
202(1,J13)	TRT	TRT	0.913737	2.75	2.75	7	9.00	NA	4.00	4.00	5.00	6.00	5.00	5.50	6.00	6.00	7.00	11.00
203(1,K13)	TRT	TRT	0.953545	2.75	2.75	7	9.00	NA	4.00	3.00	5.00	5.00	5.00	5.00	6.00	6.00	8.00	11.00
204(1,L13)	TRT	TRT	0.915905	3	3	8	9.00	NA	4.00	4.00	4.00	5.00	4.00	5.00	7.00	6.00	8.00	12.00
205(1,M13)	TRT	TRT	0.972345	2.75	2.75	7	9.00	NA	4.00	4.00	4.00	5.00	5.00	5.00	6.00	6.00	7.00	11.00
206(1,N13)	TRT	TRT	0.900899	2.75	2.75	7	9.00	NA	4.00	4.00	5.00	5.00	4.00	5.00	6.00	7.00	8.00	11.00
207(1,O13)	TRT	TRT	0.963128	2.75	2.75	7	9.00	NA	4.00	3.00	4.00	5.00	5.00	5.00	6.00	6.00	7.00	11.00
208(1,P13)	TRT	TRT	0.819978	2.75	2.75	7	9.00	NA	4.00	4.00	6.00	5.00	5.00	5.00	6.00	6.00	6.00	11.00
209(1,A14)	TRT	TRT	0.972345	2.75	2.75	7	9.00	NA	4.00	4.00	4.00	5.00	5.00	5.00	6.00	7.00	7.00	11.00
210(1,B14)	TRT	TRT	0.972518	2.75	2.75	7	9.00	NA	4.00	3.00	4.00	5.00	5.00	6.00	6.00	6.50	8.00	11.00
211(1,C14)	TRT	TRT	0.966092	4	4	9	9.00	NA	3.00	4.00	5.00	5.00	5.00	5.00	6.00	7.00	7.00	12.00
212(1,D14)	TRT	TRT	0.96295	2.75	2.75	7	9.00	NA	4.00	4.00	5.00	5.00	5.00	5.00	6.00	6.00	8.00	11.00
213(1,E14)	TRT	TRT	0.96295	3	3	8	9.00	NA	4.00	4.00	5.00	5.00	5.00	5.00	6.00	6.00	7.00	12.00
214(1,F14)	TRT	TRT	0.897549	3	3	8	9.00	NA	4.00	4.00	5.00	5.00	4.00	5.00	6.00	6.00	7.50	12.00
215(1,G14)	TRT	TRT	0.96295	2.625	2.625	6.5	9.00	NA	4.00	4.00	5.00	5.00	5.00	5.00	6.00	7.00	7.00	10.50
216(1,H14)	TRT	TRT	0.98165	3	3	8	9.00	NA	4.00	4.00	5.00	5.00	5.00	6.00	6.00	7.00	8.00	12.00
217(1,I14)	TRT	TRT	0.901389	4	4	9	9.00	NA	3.00	4.00	5.00	5.00	4.00	5.00	7.00	6.00	7.00	12.00
218(1,J14)	TRT	TRT	0.897549	3	3	8	9.00	NA	4.00	4.00	5.00	5.00	4.00	5.00	6.00	6.00	7.00	12.00
219(1,K14)	TRT	TRT	0.96295	3	3	8	9.00	NA	4.00	4.00	5.00	5.00	5.00	5.00	6.00	6.00	7.00	12.00
220(1,L14)	TRT	TRT	0.930949	2.75	2.75	7	9.00	NA	4.00	4.00	5.00	5.00	5.00	5.00	5.00	7.00	7.00	11.00
221(1,M14)	TRT	TRT	0.815532	2.5	2.5	6	9.00	NA	4.00	4.00	5.00	5.00	4.00	4.00	5.50	6.00	7.00	10.00
222(1,N14)	TRT	TRT	0.882867	3.33333	3.33333	7	9.00	NA	3.00	4.00	5.00	5.00	4.00	5.00	6.50	6.00	6.00	10.00
223(1,O14)	TRT	TRT	0.96295	2.75	2.75	7	9.00	NA	4.00	4.00	5.00	5.00	5.00	5.00	6.00	6.00	7.00	11.00
224(1,P14)	TRT	TRT	0.96295	2.75	2.75	7	9.00	NA	4.00	4.00	4.00	4.00	5.00	5.00	6.00	6.00	7.00	11.00
225(1,A15)	TRT	TRT	0.966092	3.66667	3.66667	8	9.00	NA	3.00	4.00	5.00	5.00	5.00	5.00	6.00	6.00	7.00	11.00
226(1,B15)	TRT	TRT	0.972345	3	3	8	9.00	NA	4.00	4.00	4.00	5.00	5.00	5.00	6.00	6.00	7.00	12.00
227(1,C15)	TRT	TRT	0.96295	2.75	2.75	7	9.00	NA	4.00	4.00	5.00	5.00	5.00	5.00	6.00	6.00	7.00	11.00
228(1,D15)	TRT	TRT	0.897549	3	3	6	9.00	NA	3.00	3.00	5.00	6.00	5.00	5.00	6.00	6.00	8.00	9.00
229(1,E15)	TRT	TRT	0.876047	2.75	2.75	7	9.00	NA	4.00	3.00	5.00	4.00	4.00	5.00	5.00	7.00	7.50	11.00
230(1,F15)	TRT	TRT	0.858172	3.66667	3.66667	8	9.00	NA	3.00	3.00	4.00	6.00	5.00	6.00	6.00	5.00	7.00	11.00
231(1,G15)	TRT	TRT	0.925187	2.75	2.75	7	9.00	NA	4.00	4.00	4.00	5.00	4.00	5.00	6.00	6.00	7.00	11.00
232(1,H15)	TRT	TRT	0.975456	3.33333	3.33333	7	9.00	NA	3.00	4.00	5.00	5.00	5.00	6.00	6.00	6.00	7.00	10.00
233(1,I15)	TRT	TRT	0.934947	2.75	2.75	7	9.00	NA	4.00	4.00	5.00	4.00	5.00	5.00	6.00	6.00	7.00	11.00
234(1,J15)	TRT	TRT	0.963128	3	3	8	9.00	NA	4.00	4.00	5.00	5.00	5.00	6.00	7.00	6.00	8.00	12.00
235(1,K15)	TRT	TRT	0.975534	3.66667	3.66667	8	9.00	NA	3.00	4.00	4.50	5.00	5.00	5.00	7.00	6.00	8.00	11.00
236(1,L15)	TRT	TRT	0.947591	2.75	2.75	7	9.00	NA	4.00	4.00	5.00	4.00	5.00	6.00	6.00	7.00	7.00	11.00
237(1,M15)	TRT	TRT	0.96295	3	3	8	9.00	NA	4.00	4.00	5.00	5.00	5.00	5.00	6.00	6.00	7.00	12.00
238(1,N15)	TRT	TRT	0.972518	2.75	2.75	7	9.00	NA	4.00	4.00	5.00	5.50	5.00	6.00	6.00	6.50	7.00	11.00
239(1,O15)	TRT	TRT	0.889041	3.66667	3.66667	8	9.00	NA	3.00	4.00	5.00	5.00	4.00	6.00	5.00	6.00	7.00	11.00
240(1,P15)	TRT	TRT	0.95078	3.16667	3.16667	6.5	9.00	NA	3.00	4.00	4.00	5.00	4.00	5.00	6.00	6.00	7.00	9.50
241(1,A16)	TRT	TRT	0.901389	2.75	2.75	7	9.00	NA	4.00	3.00	5.00	5.00	4.00	5.00	7.00	7.00	8.00	11.00
242(1,B16)	TRT	TRT	0.96295	3	3	8	9.00	NA	4.00	4.00	5.00	5.00	5.00	5.00	6.00	6.00	7.00	12.00
243(1,C16)	TRT	TRT	0.850189	2.75	2.75	7	9.00	NA	4.00	3.00	6.00	5.00	4.00	5.00	6.00	7.00	8.00	11.00
244(1,D16)	TRT	TRT	0.984732	4	4	10.5	9.00	NA	3.50	4.00	5.00	5.00	5.00	6.00	6.00	7.00	8.00	14.00
245(1,E16)	TRT	TRT	0.887425	3	3	8	9.00	NA	4.00	4.00	5.00	5.00	4.00	5.00	7.00	7.00	7.00	12.00
246(1,F16)	TRT	TRT	0.900899	2.75	2.75	7	9.00	NA	4.00	4.00	5.00	5.00	4.00	5.00	6.00	7.00	8.00	11.00
247(1,G16)	TRT	TRT	0.972345	3	3	8	9.00	NA	4.00	4.00	5.00	5.00	5.00	6.00	6.00	6.00	7.00	12.00
248(1,H16)	TRT	TRT	0.987804	4.16667	4.16667	9.5	9.00	NA	3.00	3.00	4.00	4.00	5.00	5.00	6.00	7.00	7.00	12.50
249(1,I16)	TRT	TRT	0.96295	2.75	2.75	7	9.00	NA	4.00	4.00	5.00	5.00	5.00	5.00	6.00	6.00	7.00	11.00
250(1,J16)	TRT	TRT	0.895215	3	3	8	9.00	NA	4.00	4.00	5.00	3.00	5.00	5.00	6.00	7.00	7.00	12.00
251(1,K16)	TRT	TRT	0.897549	2.875	2.875	7.5	9.00	NA	4.00	4.00	5.00	5.00	4.00	5.00	6.00	6.00	7.00	11.50
252(1,L16)	TRT	TRT	0.805605	2.8	2.8	9	9.00	NA	5.00	4.00	5.00	6.00	5.00	5.00	7.00	7.00	6.00	14.00
253(1,M16)	TRT	TRT	0.972423	3	3	8	9.00	NA	4.00	3.00	4.50	5.00	5.00	5.00	6.00	6.00	7.00	12.00
254(1,N16)	TRT	TRT	0.956954	2.75	2.75	7	9.00	NA	4.00	3.50	4.00	4.00	5.00	5.00	7.00	7.00	8.00	11.00
255(1,O16)	TRT	TRT	0.907563	2.75	2.75	7	9.00	NA	4.00	3.00	5.00	4.00	4.50	5.00	6.00	6.00	6.00	11.00
256(1,P16)	TRT	TRT	0.947272	4.33333	4.33333	10	9.00	NA	3.00	4.00	5.00	5.00	5.00	5.00	6.00	7.00	6.00	13.00
257(1,A17)	TRT	TRT	0.885716	2.4	2.4	7	9.00	NA	5.00	4.00	5.00	5.00	5.00	5.00	7.00	6.00	8.00	12.00
258(1,B17)	TRT	TRT	0.900899	2.5	2.5	6	9.00	NA	4.00	3.00	5.00	4.00	4.00	6.00	6.00	6.00	8.00	10.00
259(1,C17)	TRT	TRT	0.953463	3	3	8	9.00	NA	4.00	4.00	5.00	5.00	5.00	5.00	6.00	6.00	6.00	12.00
260(1,D17)	TRT	TRT	0.96295	2.875	2.875	7.5	9.00	NA	4.00	4.00	5.00	5.00	5.00	5.00	6.00	6.00	7.50	11.50
261(1,E17)	TRT	TRT	0.910015	2.5	2.5	6	9.00	NA	4.00	4.00	5.00	5.00	4.00	6.00	6.00	6.00	7.00	10.00
262(1,F17)	TRT	TRT	0.944069	3	3	8	9.00	NA	4.00	4.00	4.00	4.00	5.00	5.00	7.00	6.00	7.00	12.00
263(1,G17)	TRT	TRT	0.98165	3.66667	3.66667	8	9.00	NA	3.00	4.00	4.00	5.00	5.00	5.00	6.00	7.00	7.00	11.00
264(1,H17)	TRT	TRT	0.957335	4.66667	4.66667	11	9.00	NA	3.00	3.50	5.00	5.00	4.00	6.00	6.00	7.00	8.00	14.00
265(1,I17)	TRT	TRT	0.963128	2.75	2.75	7	9.00	NA	4.00	3.00	4.00	5.00	5.00	5.00	6.00	7.00	7.00	11.00
266(1,J17)	TRT	TRT	0.96295	3.125	3.125	8.5	9.00	NA	4.00	4.00	5.00	5.00	5.00	5.00	6.00	6.00	7.00	12.50
267(1,K17)	TRT	TRT	0.950604	4	4	9	9.00	NA	3.00	4.00	4.00	5.00	4.00	6.00	6.00	6.00	7.00	12.00
268(1,L17)	TRT	TRT	0.925187	3	3	8	9.00	NA	4.00	4.00	4.00	5.00	4.00	5.00	6.00	7.00	7.00	12.00
269(1,M17)	TRT	TRT	0.96295	3.5	3.5	7.5	9.00	NA	3.00	4.00	4.00	4.00	4.00	5.00	5.00	7.00	7.00	10.50
270(1,N17)	TRT	TRT	0.919911	3.33333	3.33333	7	9.00	NA	3.00	4.00	5.00	5.00	4.00	5.00	6.00	6.00	8.00	10.00
271(1,O17)	TRT	TRT	0.95078	3.33333	3.33333	7	9.00	NA	3.00	4.00	5.00	4.00	5.00	5.00	6.00	6.00	7.00	10.00
272(1,P17)	TRT	TRT	0.932259	3	3	8	9.00	NA	4.00	3.00	5.00	4.00	5.00	5.00	6.00	7.00	7.00	12.00
273(1,A18)	TRT	TRT	0.923186	3.66667	3.66667	8	9.00	NA	3.00	4.00	5.00	5.00	4.00	5.00	6.00	7.00	8.00	11.00
274(1,B18)	TRT	TRT	0.96295	2.75	2.75	7	9.00	NA	4.00	4.00	5.00	5.00	5.00	5.00	6.00	6.00	8.00	11.00
275(1,C18)	TRT	TRT	0.98165	3.33333	3.33333	7	9.00	NA	3.00	4.00	4.00	4.00	5.00	5.00	6.00	6.00	7.00	10.00
276(1,D18)	TRT	TRT	0.887425	3.33333	3.33333	7	9.00	NA	3.00	4.00	5.00	5.00	4.00	5.00	5.00	7.00	7.00	10.00
277(1,E18)	TRT	TRT	0.95078	3.33333	3.33333	7	9.00	NA	3.00	4.00	4.00	5.00	4.00	5.00	6.00	6.00	7.00	10.00
278(1,F18)	TRT	TRT	0.895215	2.6	2.6	8	9.00	NA	5.00	3.00	6.00	5.00	5.00	6.00	7.00	8.00	8.00	13.00
279(1,G18)	TRT	TRT	0.95078	3.66667	3.66667	8	9.00	NA	3.00	4.00	4.00	5.00	4.00	5.00	6.00	6.00	7.00	11.00
280(1,H18)	TRT	TRT	0.956717	3.66667	3.66667	8	9.00	NA	3.00	4.00	5.00	5.00	5.00	5.00	6.00	8.00	7.00	11.00
281(1,I18)	TRT	TRT	0.851998	2.75	2.75	7	9.00	NA	4.00	4.00	5.00	6.00	4.00	5.00	7.00	6.00	8.00	11.00
282(1,J18)	TRT	TRT	0.96295	2.5	2.5	6	9.00	NA	4.00	4.00	5.00	5.00	5.00	5.00	6.00	6.00	7.00	10.00
283(1,K18)	TRT	TRT	0.934947	2.5	2.5	6	9.00	NA	4.00	4.00	5.00	4.00	5.00	5.00	6.00	7.00	7.00	10.00
284(1,L18)	TRT	TRT	0.83983	2.6	2.6	8	9.00	NA	5.00	3.00	5.00	5.00	5.00	5.00	5.00	6.00	7.00	13.00
285(1,M18)	TRT	TRT	0.96295	2.5	2.5	6	9.00	NA	4.00	4.00	5.00	5.00	5.00	5.00	6.00	6.00	7.00	10.00
286(1,N18)	TRT	TRT	0.903359	3.33333	3.33333	7	9.00	NA	3.00	3.00	5.00	5.00	4.00	5.00	5.00	6.00	8.00	10.00
287(1,O18)	TRT	TRT	0.932259	3.66667	3.66667	8	9.00	NA	3.00	3.00	5.00	5.00	4.00	5.00	6.00	7.00	7.00	11.00
288(1,P18)	TRT	TRT	0.975456	3.66667	3.66667	8	9.00	NA	3.00	4.00	5.00	5.00	5.00	6.00	6.00	6.00	7.00	11.00
289(1,A19)	TRT	TRT	0.938721	3.33333	3.33333	7	9.00	NA	3.00	3.00	5.00	4.00	4.00	5.00	6.00	7.00	7.00	10.00
290(1,B19)	TRT	TRT	0.887425	2.75	2.75	7	9.00	NA	4.00	4.00	5.00	5.00	4.00	5.00	6.00	6.00	6.00	11.00
291(1,C19)	TRT	TRT	0.96295	2.5	2.5	6	9.00	NA	4.00	4.00	4.00	4.00	5.00	5.00	6.00	6.00	7.00	10.00
292(1,D19)	TRT	TRT	0.98165	3.66667	3.66667	8	9.00	NA	3.00	4.00	4.00	5.00	5.00	5.00	6.00	6.00	7.00	11.00
293(1,E19)	TRT	TRT	0.922481	3.66667	3.66667	8	9.00	NA	3.00	3.00	5.00	5.00	4.00	5.00	6.00	6.00	6.00	11.00
294(1,F19)	TRT	TRT	0.972423	2.875	2.875	7.5	9.00	NA	4.00	3.50	4.50	5.00	5.00	5.00	6.00	7.00	7.00	11.50
295(1,G19)	TRT	TRT	0.934725	2.75	2.75	7	9.00	NA	4.00	4.00	4.00	5.00	4.00	6.00	6.00	7.00	8.00	11.00
296(1,H19)	TRT	TRT	0.910015	3	3	8	9.00	NA	4.00	4.00	5.00	5.00	4.00	6.00	6.00	6.00	8.00	12.00
297(1,I19)	TRT	TRT	0.897549	2.75	2.75	7	9.00	NA	4.00	4.00	5.00	5.00	4.00	5.00	6.00	6.00	7.00	11.00
298(1,J19)	TRT	TRT	0.950604	3.66667	3.66667	8	9.00	NA	3.00	4.00	4.00	5.00	4.00	6.00	6.00	6.00	7.00	11.00
299(1,K19)	TRT	TRT	0.96295	2.5	2.5	6	9.00	NA	4.00	4.00	5.00	5.00	5.00	5.00	6.00	6.00	7.00	10.00
300(1,L19)	TRT	TRT	0.897085	2.75	2.75	7	9.00	NA	4.00	4.00	4.00	6.00	4.00	5.00	6.00	6.50	8.00	11.00
301(1,M19)	TRT	TRT	0.938721	3	3	8	9.00	NA	4.00	4.00	5.00	4.50	4.50	5.00	6.00	6.00	7.00	12.00
302(1,N19)	TRT	TRT	0.963433	3.33333	3.33333	7	9.00	NA	3.00	2.50	4.00	4.50	4.00	5.00	6.00	7.00	7.00	10.00
303(1,O19)	TRT	TRT	0.864473	2.5	2.5	6	9.00	NA	4.00	4.00	5.00	5.00	4.00	5.00	5.00	7.00	7.00	10.00
304(1,P19)	TRT	TRT	0.924959	2.5	2.5	6	9.00	NA	4.00	4.00	4.00	5.00	4.00	6.00	7.00	7.00	7.00	10.00
305(1,A20)	TRT	TRT	0.897549	2.5	2.5	6	9.00	NA	4.00	4.00	5.00	5.00	4.00	5.00	6.00	6.00	7.00	10.00
306(1,B20)	TRT	TRT	0.867941	2.75	2.75	7	9.00	NA	4.00	4.00	5.00	5.00	4.00	5.00	5.00	6.00	8.00	11.00
307(1,C20)	TRT	TRT	0.887425	2.75	2.75	7	9.00	NA	4.00	4.00	5.00	4.00	4.00	5.00	6.00	6.00	7.00	11.00
308(1,D20)	TRT	TRT	0.763167	2.66667	2.66667	7.5	9.00	NA	4.50	4.00	4.00	5.00	5.00	6.00	4.00	6.50	8.00	12.00
309(1,E20)	TRT	TRT	0.96295	2.75	2.75	7	9.00	NA	4.00	4.00	5.00	5.00	5.00	5.00	6.00	7.00	7.00	11.00
310(1,F20)	TRT	TRT	0.910877	3.66667	3.66667	8	9.00	NA	3.00	4.00	5.00	5.00	4.00	5.00	7.00	6.00	8.00	11.00
311(1,G20)	TRT	TRT	0.889638	3.33333	3.33333	7	9.00	NA	3.00	3.00	5.00	5.00	4.00	4.00	6.00	6.00	7.00	10.00
312(1,H20)	TRT	TRT	0.779246	2.75	2.75	7	9.00	NA	4.00	4.00	6.00	6.00	4.00	5.00	6.00	6.00	7.00	11.00
313(1,I20)	TRT	TRT	0.96295	2.75	2.75	7	9.00	NA	4.00	4.00	5.00	5.00	5.00	5.00	6.00	7.00	7.00	11.00
314(1,J20)	TRT	TRT	0.953545	2.75	2.75	7	9.00	NA	4.00	3.50	5.00	5.00	5.00	5.00	6.00	6.00	8.00	11.00
315(1,K20)	TRT	TRT	0.897549	2.75	2.75	7	9.00	NA	4.00	4.00	5.00	5.00	4.00	5.00	6.00	6.00	8.00	11.00
316(1,L20)	TRT	TRT	0.947804	4	4	9	9.00	NA	3.00	4.00	5.00	5.00	5.00	6.00	6.00	5.50	7.00	12.00
317(1,M20)	TRT	TRT	0.937437	3.5	3.5	7.5	9.00	NA	3.00	4.00	5.00	5.00	5.00	5.00	5.00	6.00	8.00	10.50
318(1,N20)	TRT	TRT	0.895215	2.5	2.5	6	9.00	NA	4.00	3.00	5.00	4.00	4.00	5.00	6.00	6.00	8.00	10.00
319(1,O20)	TRT	TRT	0.882867	2.75	2.75	7	9.00	NA	4.00	3.00	5.00	5.00	4.00	5.00	7.00	6.00	7.00	11.00
320(1,P20)	TRT	TRT	0.901389	2.5	2.5	6	9.00	NA	4.00	3.00	5.00	5.00	4.00	5.00	6.00	7.00	7.00	10.00
321(1,A21)	TRT	TRT	0.96295	2.5	2.5	6	9.00	NA	4.00	4.00	5.00	5.00	5.00	5.00	6.00	6.00	7.00	10.00
322(1,B21)	TRT	TRT	0.804054	2.5	2.5	6	9.00	NA	4.00	4.00	5.00	6.00	4.00	5.00	5.00	6.00	7.00	10.00
323(1,C21)	TRT	TRT	0.900899	3.33333	3.33333	7	9.00	NA	3.00	4.00	5.00	4.00	4.00	5.00	5.00	6.00	7.00	10.00
324(1,D21)	TRT	TRT	0.887425	2.5	2.5	6	9.00	NA	4.00	4.00	5.00	5.00	4.00	5.00	6.00	6.00	6.00	10.00
325(1,E21)	TRT	TRT	0.901389	2.5	2.5	6	9.00	NA	4.00	3.00	5.00	5.00	4.00	5.00	6.00	6.00	8.00	10.00
326(1,F21)	TRT	TRT	0.969223	3.66667	3.66667	8	9.00	NA	3.00	4.00	5.00	5.00	5.00	5.00	5.50	6.00	7.00	11.00
327(1,G21)	TRT	TRT	0.934199	2.5	2.5	6	9.00	NA	4.00	4.00	4.00	4.00	4.00	5.00	6.00	7.00	7.00	10.00
328(1,H21)	TRT	TRT	0.897549	2.75	2.75	7	9.00	NA	4.00	4.00	5.00	5.00	4.00	5.00	6.00	7.00	7.00	11.00
329(1,I21)	TRT	TRT	0.864473	2.5	2.5	6	9.00	NA	4.00	4.00	5.00	5.00	4.00	5.00	5.00	7.00	7.00	10.00
330(1,J21)	TRT	TRT	0.887425	2.75	2.75	7	9.00	NA	4.00	4.00	5.00	5.00	4.00	5.00	6.00	6.00	6.00	11.00
331(1,K21)	TRT	TRT	0.932259	3.33333	3.33333	7	9.00	NA	3.00	3.00	5.00	5.00	4.00	5.00	6.00	6.00	7.00	10.00
332(1,L21)	TRT	TRT	0.897549	2.75	2.75	7	9.00	NA	4.00	4.00	5.00	5.00	4.00	5.00	6.00	6.00	6.50	11.00
333(1,M21)	TRT	TRT	0.944069	2.5	2.5	6	9.00	NA	4.00	3.00	4.00	5.00	5.00	5.00	5.00	7.00	7.00	10.00
334(1,N21)	TRT	TRT	0.966092	2.5	2.5	6	9.00	NA	4.00	4.00	4.00	4.00	5.00	6.00	6.00	7.00	8.00	10.00
335(1,O21)	TRT	TRT	0.897549	2.75	2.75	7	9.00	NA	4.00	4.00	5.00	5.00	4.00	5.00	6.00	6.00	8.00	11.00
336(1,P21)	TRT	TRT	0.978558	3.66667	3.66667	8	9.00	NA	3.00	3.00	4.00	4.00	5.00	5.00	6.00	6.00	6.00	11.00
337(1,A22)	TRT	TRT	0.953545	2.5	2.5	6	9.00	NA	4.00	3.00	5.00	5.00	5.00	5.00	6.00	6.00	7.00	10.00
338(1,B22)	TRT	TRT	0.923186	3.33333	3.33333	7	9.00	NA	3.00	4.00	5.00	5.00	4.00	5.00	6.00	6.50	7.00	10.00
339(1,C22)	TRT	TRT	0.91747	3.66667	3.66667	8	9.00	NA	3.00	3.00	4.50	5.00	5.00	4.00	6.00	6.00	7.00	11.00
340(1,D22)	TRT	TRT	0.975456	3.33333	3.33333	7	9.00	NA	3.00	4.00	4.00	4.00	5.00	5.00	5.00	6.00	7.00	10.00
341(1,E22)	TRT	TRT	0.934199	3	3	8	9.00	NA	4.00	4.00	5.00	5.00	5.00	5.00	5.00	6.00	7.00	12.00
342(1,F22)	TRT	TRT	0.975456	3.33333	3.33333	7	9.00	NA	3.00	4.00	4.00	4.00	5.00	6.00	6.00	6.00	8.00	10.00
343(1,G22)	TRT	TRT	0.938721	3.33333	3.33333	7	9.00	NA	3.00	4.00	4.00	6.00	5.00	5.00	6.00	7.00	7.00	10.00
344(1,H22)	TRT	TRT	0.923186	3.33333	3.33333	7	9.00	NA	3.00	3.00	5.00	5.00	4.00	5.00	6.00	7.00	6.50	10.00
345(1,I22)	TRT	TRT	0.817424	2.5	2.5	6	9.00	NA	4.00	4.00	5.00	4.00	4.00	4.00	6.00	6.00	7.00	10.00
346(1,J22)	TRT	TRT	0.96295	2.75	2.75	7	9.00	NA	4.00	4.00	5.00	5.00	5.00	5.00	6.00	6.00	7.00	11.00
347(1,K22)	TRT	TRT	0.934199	2.5	2.5	6	9.00	NA	4.00	4.00	5.00	5.00	5.00	5.00	5.00	6.00	7.00	10.00
348(1,L22)	TRT	TRT	0.96295	3	3	8	9.00	NA	4.00	4.00	5.00	5.00	5.00	5.00	6.00	7.00	7.00	12.00
349(1,M22)	TRT	TRT	0.96295	2.75	2.75	7	9.00	NA	4.00	4.00	5.00	5.00	5.00	5.00	6.00	6.00	7.00	11.00
350(1,N22)	TRT	TRT	0.908968	2.625	2.625	6.5	9.00	NA	4.00	4.00	5.00	5.00	5.00	6.00	5.00	6.00	6.00	10.50
351(1,O22)	TRT	TRT	0.919911	3.33333	3.33333	7	9.00	NA	3.00	4.00	5.00	5.00	4.00	5.00	6.00	6.00	7.00	10.00
352(1,P22)	TRT	TRT	0.919911	4	4	9	9.00	NA	3.00	4.00	5.00	5.00	4.00	5.00	6.00	6.00	7.00	12.00
353(1,A23)	TRT	TRT	0.884205	2.5	2.5	6	9.00	NA	4.00	4.00	5.00	5.00	5.00	5.00	5.00	5.00	6.00	10.00
354(1,B23)	TRT	TRT	0.897549	2.75	2.75	7	9.00	NA	4.00	4.00	5.00	5.00	4.00	5.00	6.00	6.00	6.50	11.00
355(1,C23)	TRT	TRT	0.849662	2.75	2.75	7	9.00	NA	4.00	4.00	5.00	4.00	4.00	5.00	7.00	6.00	6.00	11.00
356(1,D23)	TRT	TRT	0.98165	3.42857	3.42857	8.5	9.00	NA	3.50	4.00	4.00	5.00	5.00	5.00	6.00	6.00	7.00	12.00
357(1,E23)	TRT	TRT	0.972345	2.5	2.5	6	9.00	NA	4.00	4.00	4.00	5.00	5.00	5.00	6.00	6.00	7.00	10.00
358(1,F23)	TRT	TRT	0.919911	3.66667	3.66667	8	9.00	NA	3.00	4.00	5.00	4.00	4.00	5.00	6.00	6.00	7.00	11.00
359(1,G23)	TRT	TRT	0.934199	2.5	2.5	6	9.00	NA	4.00	4.00	5.00	5.00	5.00	5.00	5.00	6.00	7.00	10.00
360(1,H23)	TRT	TRT	0.922817	3	3	8	9.00	NA	4.00	4.00	5.00	4.00	5.00	6.00	7.00	6.00	7.00	12.00
361(1,I23)	TRT	TRT	0.947591	2.75	2.75	7	9.00	NA	4.00	4.00	5.00	4.00	5.00	6.00	6.00	7.00	7.00	11.00
362(1,J23)	TRT	TRT	0.956717	4	4	9	9.00	NA	3.00	4.00	4.00	4.00	4.00	5.00	7.00	6.00	8.00	12.00
363(1,K23)	TRT	TRT	0.96295	2.25	2.25	5	9.00	NA	4.00	4.00	5.00	5.00	5.00	5.00	6.00	6.00	7.00	9.00
364(1,L23)	TRT	TRT	0.972423	3	3	8	9.00	NA	4.00	3.00	5.00	5.00	5.00	6.00	6.00	6.50	7.00	12.00
365(1,M23)	TRT	TRT	0.919911	3.66667	3.66667	8	9.00	NA	3.00	4.00	5.00	5.00	4.00	5.00	6.00	6.00	7.00	11.00
366(1,N23)	TRT	TRT	0.972345	4	4	9	9.00	NA	3.00	3.00	5.00	5.00	5.00	6.00	6.00	6.00	7.00	12.00
367(1,O23)	TRT	TRT	0.925187	2.75	2.75	7	9.00	NA	4.00	4.00	4.00	5.00	4.00	5.00	6.00	6.00	7.00	11.00
368(1,P23)	TRT	TRT	0.823911	2.75	2.75	7	9.00	NA	4.00	3.00	5.00	5.00	4.00	5.00	5.00	5.00	7.00	11.00
369(1,A24)	TRT	TRT	0.897549	2.5	2.5	6	9.00	NA	4.00	4.00	5.00	5.00	4.00	5.00	6.00	6.00	7.00	10.00
370(1,B24)	TRT	TRT	0.890812	2.75	2.75	7	9.00	NA	4.00	4.00	5.00	4.00	4.00	5.00	6.00	7.00	8.00	11.00
371(1,C24)	TRT	TRT	0.897549	2.5	2.5	6	9.00	NA	4.00	4.00	5.00	5.00	4.00	5.00	6.00	6.00	7.00	10.00
372(1,D24)	TRT	TRT	0.96295	2.75	2.75	7	9.00	NA	4.00	4.00	5.00	5.00	5.00	5.00	6.00	6.00	7.00	11.00
373(1,E24)	TRT	TRT	0.867941	2.75	2.75	7	9.00	NA	4.00	4.00	5.00	4.00	4.00	5.00	5.00	6.00	7.00	11.00
374(1,F24)	TRT	TRT	0.887425	3	3	8	9.00	NA	4.00	4.00	5.00	4.00	4.00	5.00	6.00	6.00	7.00	12.00
375(1,G24)	TRT	TRT	0.925187	3.33333	3.33333	7	9.00	NA	3.00	4.00	5.00	4.00	5.00	5.00	5.00	7.00	7.00	10.00
376(1,H24)	TRT	TRT	0.887425	2.25	2.25	5	9.00	NA	4.00	4.00	5.00	5.00	4.00	5.00	6.00	6.00	6.00	9.00
377(1,I24)	TRT	TRT	0.871992	2.75	2.75	7	9.00	NA	4.00	4.00	5.00	5.00	4.50	5.00	6.00	5.00	7.00	11.00
378(1,J24)	TRT	TRT	0.897549	2.5	2.5	6	9.00	NA	4.00	4.00	5.00	6.00	4.00	6.00	6.00	7.00	7.00	10.00
379(1,K24)	TRT	TRT	0.890812	3.66667	3.66667	8	9.00	NA	3.00	4.00	5.00	5.00	4.00	5.00	5.00	6.00	7.00	11.00
380(1,L24)	TRT	TRT	0.893282	2.5	2.5	6	9.00	NA	4.00	4.00	5.00	4.00	4.00	6.00	6.00	6.00	7.00	10.00
381(1,M24)	TRT	TRT	0.887425	2.5	2.5	6	9.00	NA	4.00	4.00	5.00	4.00	4.00	5.00	6.00	6.00	7.00	10.00
382(1,N24)	TRT	TRT	0.922817	2.75	2.75	7	9.00	NA	4.00	4.00	5.00	5.00	6.00	5.00	7.00	6.00	7.00	11.00
383(1,O24)	TRT	TRT	0.944069	3	3	8	9.00	NA	4.00	4.00	4.00	4.00	5.00	5.00	6.00	7.00	6.00	12.00
384(1,P24)	TRT	TRT	0.925187	2.75	2.75	7	9.00	NA	4.00	4.00	4.00	5.00	4.00	5.00	6.00	6.00	7.00	11.00
